X_wgs29 Y_wgs29
 603995 4165513
 604005 4165513
 604015 4165513
 604025 4165513
 604035 4165513
 604045 4165513
 604055 4165513
 604065 4165513
 604075 4165513
 604085 4165513
 604095 4165513
 604105 4165513
 604115 4165513
 604125 4165513
 604135 4165513
 604145 4165513
 604155 4165513
 604165 4165513
 604175 4165513
 604185 4165513
 604195 4165513
 604205 4165513
 604215 4165513
 604225 4165513
 604235 4165513
 604245 4165513
 604255 4165513
 604265 4165513
 604275 4165513
 604285 4165513
 604295 4165513
 604305 4165513
 604315 4165513
 604325 4165513
 604335 4165513
 604345 4165513
 604355 4165513
 604365 4165513
 604375 4165513
 604385 4165513
 604395 4165513
 604405 4165513
 604415 4165513
 604425 4165513
 604435 4165513
 604445 4165513
 604455 4165513
 604465 4165513
 604475 4165513
 604485 4165513
 604495 4165513
 604505 4165513
 604515 4165513
 604525 4165513
 604535 4165513
 604545 4165513
 604555 4165513
 604565 4165513
 604575 4165513
 604585 4165513
 603995 4165503
 604005 4165503
 604015 4165503
 604025 4165503
 604035 4165503
 604045 4165503
 604055 4165503
 604065 4165503
 604075 4165503
 604085 4165503
 604095 4165503
 604105 4165503
 604115 4165503
 604125 4165503
 604135 4165503
 604145 4165503
 604155 4165503
 604165 4165503
 604175 4165503
 604185 4165503
 604195 4165503
 604205 4165503
 604215 4165503
 604225 4165503
 604235 4165503
 604245 4165503
 604255 4165503
 604265 4165503
 604275 4165503
 604285 4165503
 604295 4165503
 604305 4165503
 604315 4165503
 604325 4165503
 604335 4165503
 604345 4165503
 604355 4165503
 604365 4165503
 604375 4165503
 604385 4165503
 604395 4165503
 604405 4165503
 604415 4165503
 604425 4165503
 604435 4165503
 604445 4165503
 604455 4165503
 604465 4165503
 604475 4165503
 604485 4165503
 604495 4165503
 604505 4165503
 604515 4165503
 604525 4165503
 604535 4165503
 604545 4165503
 604555 4165503
 604565 4165503
 604575 4165503
 604585 4165503
 603995 4165493
 604005 4165493
 604015 4165493
 604025 4165493
 604035 4165493
 604045 4165493
 604055 4165493
 604065 4165493
 604075 4165493
 604085 4165493
 604095 4165493
 604105 4165493
 604115 4165493
 604125 4165493
 604135 4165493
 604145 4165493
 604155 4165493
 604165 4165493
 604175 4165493
 604185 4165493
 604195 4165493
 604205 4165493
 604215 4165493
 604225 4165493
 604235 4165493
 604245 4165493
 604255 4165493
 604265 4165493
 604275 4165493
 604285 4165493
 604295 4165493
 604305 4165493
 604315 4165493
 604325 4165493
 604335 4165493
 604345 4165493
 604355 4165493
 604365 4165493
 604375 4165493
 604385 4165493
 604395 4165493
 604405 4165493
 604415 4165493
 604425 4165493
 604435 4165493
 604445 4165493
 604455 4165493
 604465 4165493
 604475 4165493
 604485 4165493
 604495 4165493
 604505 4165493
 604515 4165493
 604525 4165493
 604535 4165493
 604545 4165493
 604555 4165493
 604565 4165493
 604575 4165493
 604585 4165493
 603995 4165483
 604005 4165483
 604015 4165483
 604025 4165483
 604035 4165483
 604045 4165483
 604055 4165483
 604065 4165483
 604075 4165483
 604085 4165483
 604095 4165483
 604105 4165483
 604115 4165483
 604125 4165483
 604135 4165483
 604145 4165483
 604155 4165483
 604165 4165483
 604175 4165483
 604185 4165483
 604195 4165483
 604205 4165483
 604215 4165483
 604225 4165483
 604235 4165483
 604245 4165483
 604255 4165483
 604265 4165483
 604275 4165483
 604285 4165483
 604295 4165483
 604305 4165483
 604315 4165483
 604325 4165483
 604335 4165483
 604345 4165483
 604355 4165483
 604365 4165483
 604375 4165483
 604385 4165483
 604395 4165483
 604405 4165483
 604415 4165483
 604425 4165483
 604435 4165483
 604445 4165483
 604455 4165483
 604465 4165483
 604475 4165483
 604485 4165483
 604495 4165483
 604505 4165483
 604515 4165483
 604525 4165483
 604535 4165483
 604545 4165483
 604555 4165483
 604565 4165483
 604575 4165483
 604585 4165483
 603995 4165473
 604005 4165473
 604015 4165473
 604025 4165473
 604035 4165473
 604045 4165473
 604055 4165473
 604065 4165473
 604075 4165473
 604085 4165473
 604095 4165473
 604105 4165473
 604115 4165473
 604125 4165473
 604135 4165473
 604145 4165473
 604155 4165473
 604165 4165473
 604175 4165473
 604185 4165473
 604195 4165473
 604205 4165473
 604215 4165473
 604225 4165473
 604235 4165473
 604245 4165473
 604255 4165473
 604265 4165473
 604275 4165473
 604285 4165473
 604295 4165473
 604305 4165473
 604315 4165473
 604325 4165473
 604335 4165473
 604345 4165473
 604355 4165473
 604365 4165473
 604375 4165473
 604385 4165473
 604395 4165473
 604405 4165473
 604415 4165473
 604425 4165473
 604435 4165473
 604445 4165473
 604455 4165473
 604465 4165473
 604475 4165473
 604485 4165473
 604495 4165473
 604505 4165473
 604515 4165473
 604525 4165473
 604535 4165473
 604545 4165473
 604555 4165473
 604565 4165473
 604575 4165473
 604585 4165473
 603995 4165463
 604005 4165463
 604015 4165463
 604025 4165463
 604035 4165463
 604045 4165463
 604055 4165463
 604065 4165463
 604075 4165463
 604085 4165463
 604095 4165463
 604105 4165463
 604115 4165463
 604125 4165463
 604135 4165463
 604145 4165463
 604155 4165463
 604165 4165463
 604175 4165463
 604185 4165463
 604195 4165463
 604205 4165463
 604215 4165463
 604225 4165463
 604235 4165463
 604245 4165463
 604255 4165463
 604265 4165463
 604275 4165463
 604285 4165463
 604295 4165463
 604305 4165463
 604315 4165463
 604325 4165463
 604335 4165463
 604345 4165463
 604355 4165463
 604365 4165463
 604375 4165463
 604385 4165463
 604395 4165463
 604405 4165463
 604415 4165463
 604425 4165463
 604435 4165463
 604445 4165463
 604455 4165463
 604465 4165463
 604475 4165463
 604485 4165463
 604495 4165463
 604505 4165463
 604515 4165463
 604525 4165463
 604535 4165463
 604545 4165463
 604555 4165463
 604565 4165463
 604575 4165463
 604585 4165463
 603995 4165453
 604005 4165453
 604015 4165453
 604025 4165453
 604035 4165453
 604045 4165453
 604055 4165453
 604065 4165453
 604075 4165453
 604085 4165453
 604095 4165453
 604105 4165453
 604115 4165453
 604125 4165453
 604135 4165453
 604145 4165453
 604155 4165453
 604165 4165453
 604175 4165453
 604185 4165453
 604195 4165453
 604205 4165453
 604215 4165453
 604225 4165453
 604235 4165453
 604245 4165453
 604255 4165453
 604265 4165453
 604275 4165453
 604285 4165453
 604295 4165453
 604305 4165453
 604315 4165453
 604325 4165453
 604335 4165453
 604345 4165453
 604355 4165453
 604365 4165453
 604375 4165453
 604385 4165453
 604395 4165453
 604405 4165453
 604415 4165453
 604425 4165453
 604435 4165453
 604445 4165453
 604455 4165453
 604465 4165453
 604475 4165453
 604485 4165453
 604495 4165453
 604505 4165453
 604515 4165453
 604525 4165453
 604535 4165453
 604545 4165453
 604555 4165453
 604565 4165453
 604575 4165453
 604585 4165453
 603995 4165443
 604005 4165443
 604015 4165443
 604025 4165443
 604035 4165443
 604045 4165443
 604055 4165443
 604065 4165443
 604075 4165443
 604085 4165443
 604095 4165443
 604105 4165443
 604115 4165443
 604125 4165443
 604135 4165443
 604145 4165443
 604155 4165443
 604165 4165443
 604175 4165443
 604185 4165443
 604195 4165443
 604205 4165443
 604215 4165443
 604225 4165443
 604235 4165443
 604245 4165443
 604255 4165443
 604265 4165443
 604275 4165443
 604285 4165443
 604295 4165443
 604305 4165443
 604315 4165443
 604325 4165443
 604335 4165443
 604345 4165443
 604355 4165443
 604365 4165443
 604375 4165443
 604385 4165443
 604395 4165443
 604405 4165443
 604415 4165443
 604425 4165443
 604435 4165443
 604445 4165443
 604455 4165443
 604465 4165443
 604475 4165443
 604485 4165443
 604495 4165443
 604505 4165443
 604515 4165443
 604525 4165443
 604535 4165443
 604545 4165443
 604555 4165443
 604565 4165443
 604575 4165443
 604585 4165443
 603995 4165433
 604005 4165433
 604015 4165433
 604025 4165433
 604035 4165433
 604045 4165433
 604055 4165433
 604065 4165433
 604075 4165433
 604085 4165433
 604095 4165433
 604105 4165433
 604115 4165433
 604125 4165433
 604135 4165433
 604145 4165433
 604155 4165433
 604165 4165433
 604175 4165433
 604185 4165433
 604195 4165433
 604205 4165433
 604215 4165433
 604225 4165433
 604235 4165433
 604245 4165433
 604255 4165433
 604265 4165433
 604275 4165433
 604285 4165433
 604295 4165433
 604305 4165433
 604315 4165433
 604325 4165433
 604335 4165433
 604345 4165433
 604355 4165433
 604365 4165433
 604375 4165433
 604385 4165433
 604395 4165433
 604405 4165433
 604415 4165433
 604425 4165433
 604435 4165433
 604445 4165433
 604455 4165433
 604465 4165433
 604475 4165433
 604485 4165433
 604495 4165433
 604505 4165433
 604515 4165433
 604525 4165433
 604535 4165433
 604545 4165433
 604555 4165433
 604565 4165433
 604575 4165433
 604585 4165433
 603995 4165423
 604005 4165423
 604015 4165423
 604025 4165423
 604035 4165423
 604045 4165423
 604055 4165423
 604065 4165423
 604075 4165423
 604085 4165423
 604095 4165423
 604105 4165423
 604115 4165423
 604125 4165423
 604135 4165423
 604145 4165423
 604155 4165423
 604165 4165423
 604175 4165423
 604185 4165423
 604195 4165423
 604205 4165423
 604215 4165423
 604225 4165423
 604235 4165423
 604245 4165423
 604255 4165423
 604265 4165423
 604275 4165423
 604285 4165423
 604295 4165423
 604305 4165423
 604315 4165423
 604325 4165423
 604335 4165423
 604345 4165423
 604355 4165423
 604365 4165423
 604375 4165423
 604385 4165423
 604395 4165423
 604405 4165423
 604415 4165423
 604425 4165423
 604435 4165423
 604445 4165423
 604455 4165423
 604465 4165423
 604475 4165423
 604485 4165423
 604495 4165423
 604505 4165423
 604515 4165423
 604525 4165423
 604535 4165423
 604545 4165423
 604555 4165423
 604565 4165423
 604575 4165423
 604585 4165423
 603995 4165413
 604005 4165413
 604015 4165413
 604025 4165413
 604035 4165413
 604045 4165413
 604055 4165413
 604065 4165413
 604075 4165413
 604085 4165413
 604095 4165413
 604105 4165413
 604115 4165413
 604125 4165413
 604135 4165413
 604145 4165413
 604155 4165413
 604165 4165413
 604175 4165413
 604185 4165413
 604195 4165413
 604205 4165413
 604215 4165413
 604225 4165413
 604235 4165413
 604245 4165413
 604255 4165413
 604265 4165413
 604275 4165413
 604285 4165413
 604295 4165413
 604305 4165413
 604315 4165413
 604325 4165413
 604335 4165413
 604345 4165413
 604355 4165413
 604365 4165413
 604375 4165413
 604385 4165413
 604395 4165413
 604405 4165413
 604415 4165413
 604425 4165413
 604435 4165413
 604445 4165413
 604455 4165413
 604465 4165413
 604475 4165413
 604485 4165413
 604495 4165413
 604505 4165413
 604515 4165413
 604525 4165413
 604535 4165413
 604545 4165413
 604555 4165413
 604565 4165413
 604575 4165413
 604585 4165413
 603995 4165403
 604005 4165403
 604015 4165403
 604025 4165403
 604035 4165403
 604045 4165403
 604055 4165403
 604065 4165403
 604075 4165403
 604085 4165403
 604095 4165403
 604105 4165403
 604115 4165403
 604125 4165403
 604135 4165403
 604145 4165403
 604155 4165403
 604165 4165403
 604175 4165403
 604185 4165403
 604195 4165403
 604205 4165403
 604215 4165403
 604225 4165403
 604235 4165403
 604245 4165403
 604255 4165403
 604265 4165403
 604275 4165403
 604285 4165403
 604295 4165403
 604305 4165403
 604315 4165403
 604325 4165403
 604335 4165403
 604345 4165403
 604355 4165403
 604365 4165403
 604375 4165403
 604385 4165403
 604395 4165403
 604405 4165403
 604415 4165403
 604425 4165403
 604435 4165403
 604445 4165403
 604455 4165403
 604465 4165403
 604475 4165403
 604485 4165403
 604495 4165403
 604505 4165403
 604515 4165403
 604525 4165403
 604535 4165403
 604545 4165403
 604555 4165403
 604565 4165403
 604575 4165403
 604585 4165403
 603995 4165393
 604005 4165393
 604015 4165393
 604025 4165393
 604035 4165393
 604045 4165393
 604055 4165393
 604065 4165393
 604075 4165393
 604085 4165393
 604095 4165393
 604105 4165393
 604115 4165393
 604125 4165393
 604135 4165393
 604145 4165393
 604155 4165393
 604165 4165393
 604175 4165393
 604185 4165393
 604195 4165393
 604205 4165393
 604215 4165393
 604225 4165393
 604235 4165393
 604245 4165393
 604255 4165393
 604265 4165393
 604275 4165393
 604285 4165393
 604295 4165393
 604305 4165393
 604315 4165393
 604325 4165393
 604335 4165393
 604345 4165393
 604355 4165393
 604365 4165393
 604375 4165393
 604385 4165393
 604395 4165393
 604405 4165393
 604415 4165393
 604425 4165393
 604435 4165393
 604445 4165393
 604455 4165393
 604465 4165393
 604475 4165393
 604485 4165393
 604495 4165393
 604505 4165393
 604515 4165393
 604525 4165393
 604535 4165393
 604545 4165393
 604555 4165393
 604565 4165393
 604575 4165393
 604585 4165393
 603995 4165383
 604005 4165383
 604015 4165383
 604025 4165383
 604035 4165383
 604045 4165383
 604055 4165383
 604065 4165383
 604075 4165383
 604085 4165383
 604095 4165383
 604105 4165383
 604115 4165383
 604125 4165383
 604135 4165383
 604145 4165383
 604155 4165383
 604165 4165383
 604175 4165383
 604185 4165383
 604195 4165383
 604205 4165383
 604215 4165383
 604225 4165383
 604235 4165383
 604245 4165383
 604255 4165383
 604265 4165383
 604275 4165383
 604285 4165383
 604295 4165383
 604305 4165383
 604315 4165383
 604325 4165383
 604335 4165383
 604345 4165383
 604355 4165383
 604365 4165383
 604375 4165383
 604385 4165383
 604395 4165383
 604405 4165383
 604415 4165383
 604425 4165383
 604435 4165383
 604445 4165383
 604455 4165383
 604465 4165383
 604475 4165383
 604485 4165383
 604495 4165383
 604505 4165383
 604515 4165383
 604525 4165383
 604535 4165383
 604545 4165383
 604555 4165383
 604565 4165383
 604575 4165383
 604585 4165383
 603995 4165373
 604005 4165373
 604015 4165373
 604025 4165373
 604035 4165373
 604045 4165373
 604055 4165373
 604065 4165373
 604075 4165373
 604085 4165373
 604095 4165373
 604105 4165373
 604115 4165373
 604125 4165373
 604135 4165373
 604145 4165373
 604155 4165373
 604165 4165373
 604175 4165373
 604185 4165373
 604195 4165373
 604205 4165373
 604215 4165373
 604225 4165373
 604235 4165373
 604245 4165373
 604255 4165373
 604265 4165373
 604275 4165373
 604285 4165373
 604295 4165373
 604305 4165373
 604315 4165373
 604325 4165373
 604335 4165373
 604345 4165373
 604355 4165373
 604365 4165373
 604375 4165373
 604385 4165373
 604395 4165373
 604405 4165373
 604415 4165373
 604425 4165373
 604435 4165373
 604445 4165373
 604455 4165373
 604465 4165373
 604475 4165373
 604485 4165373
 604495 4165373
 604505 4165373
 604515 4165373
 604525 4165373
 604535 4165373
 604545 4165373
 604555 4165373
 604565 4165373
 604575 4165373
 604585 4165373
 603995 4165363
 604005 4165363
 604015 4165363
 604025 4165363
 604035 4165363
 604045 4165363
 604055 4165363
 604065 4165363
 604075 4165363
 604085 4165363
 604095 4165363
 604105 4165363
 604115 4165363
 604125 4165363
 604135 4165363
 604145 4165363
 604155 4165363
 604165 4165363
 604175 4165363
 604185 4165363
 604195 4165363
 604205 4165363
 604215 4165363
 604225 4165363
 604235 4165363
 604245 4165363
 604255 4165363
 604265 4165363
 604275 4165363
 604285 4165363
 604295 4165363
 604305 4165363
 604315 4165363
 604325 4165363
 604335 4165363
 604345 4165363
 604355 4165363
 604365 4165363
 604375 4165363
 604385 4165363
 604395 4165363
 604405 4165363
 604415 4165363
 604425 4165363
 604435 4165363
 604445 4165363
 604455 4165363
 604465 4165363
 604475 4165363
 604485 4165363
 604495 4165363
 604505 4165363
 604515 4165363
 604525 4165363
 604535 4165363
 604545 4165363
 604555 4165363
 604565 4165363
 604575 4165363
 604585 4165363
 603995 4165353
 604005 4165353
 604015 4165353
 604025 4165353
 604035 4165353
 604045 4165353
 604055 4165353
 604065 4165353
 604075 4165353
 604085 4165353
 604095 4165353
 604105 4165353
 604115 4165353
 604125 4165353
 604135 4165353
 604145 4165353
 604155 4165353
 604165 4165353
 604175 4165353
 604185 4165353
 604195 4165353
 604205 4165353
 604215 4165353
 604225 4165353
 604235 4165353
 604245 4165353
 604255 4165353
 604265 4165353
 604275 4165353
 604285 4165353
 604295 4165353
 604305 4165353
 604315 4165353
 604325 4165353
 604335 4165353
 604345 4165353
 604355 4165353
 604365 4165353
 604375 4165353
 604385 4165353
 604395 4165353
 604405 4165353
 604415 4165353
 604425 4165353
 604435 4165353
 604445 4165353
 604455 4165353
 604465 4165353
 604475 4165353
 604485 4165353
 604495 4165353
 604505 4165353
 604515 4165353
 604525 4165353
 604535 4165353
 604545 4165353
 604555 4165353
 604565 4165353
 604575 4165353
 604585 4165353
 603995 4165343
 604005 4165343
 604015 4165343
 604025 4165343
 604035 4165343
 604045 4165343
 604055 4165343
 604065 4165343
 604075 4165343
 604085 4165343
 604095 4165343
 604105 4165343
 604115 4165343
 604125 4165343
 604135 4165343
 604145 4165343
 604155 4165343
 604165 4165343
 604175 4165343
 604185 4165343
 604195 4165343
 604205 4165343
 604215 4165343
 604225 4165343
 604235 4165343
 604245 4165343
 604255 4165343
 604265 4165343
 604275 4165343
 604285 4165343
 604295 4165343
 604305 4165343
 604315 4165343
 604325 4165343
 604335 4165343
 604345 4165343
 604355 4165343
 604365 4165343
 604375 4165343
 604385 4165343
 604395 4165343
 604405 4165343
 604415 4165343
 604425 4165343
 604435 4165343
 604445 4165343
 604455 4165343
 604465 4165343
 604475 4165343
 604485 4165343
 604495 4165343
 604505 4165343
 604515 4165343
 604525 4165343
 604535 4165343
 604545 4165343
 604555 4165343
 604565 4165343
 604575 4165343
 604585 4165343
 603995 4165333
 604005 4165333
 604015 4165333
 604025 4165333
 604035 4165333
 604045 4165333
 604055 4165333
 604065 4165333
 604075 4165333
 604085 4165333
 604095 4165333
 604105 4165333
 604115 4165333
 604125 4165333
 604135 4165333
 604145 4165333
 604155 4165333
 604165 4165333
 604175 4165333
 604185 4165333
 604195 4165333
 604205 4165333
 604215 4165333
 604225 4165333
 604235 4165333
 604245 4165333
 604255 4165333
 604265 4165333
 604275 4165333
 604285 4165333
 604295 4165333
 604305 4165333
 604315 4165333
 604325 4165333
 604335 4165333
 604345 4165333
 604355 4165333
 604365 4165333
 604375 4165333
 604385 4165333
 604395 4165333
 604405 4165333
 604415 4165333
 604425 4165333
 604435 4165333
 604445 4165333
 604455 4165333
 604465 4165333
 604475 4165333
 604485 4165333
 604495 4165333
 604505 4165333
 604515 4165333
 604525 4165333
 604535 4165333
 604545 4165333
 604555 4165333
 604565 4165333
 604575 4165333
 604585 4165333
 603995 4165323
 604005 4165323
 604015 4165323
 604025 4165323
 604035 4165323
 604045 4165323
 604055 4165323
 604065 4165323
 604075 4165323
 604085 4165323
 604095 4165323
 604105 4165323
 604115 4165323
 604125 4165323
 604135 4165323
 604145 4165323
 604155 4165323
 604165 4165323
 604175 4165323
 604185 4165323
 604195 4165323
 604205 4165323
 604215 4165323
 604225 4165323
 604235 4165323
 604245 4165323
 604255 4165323
 604265 4165323
 604275 4165323
 604285 4165323
 604295 4165323
 604305 4165323
 604315 4165323
 604325 4165323
 604335 4165323
 604345 4165323
 604355 4165323
 604365 4165323
 604375 4165323
 604385 4165323
 604395 4165323
 604405 4165323
 604415 4165323
 604425 4165323
 604435 4165323
 604445 4165323
 604455 4165323
 604465 4165323
 604475 4165323
 604485 4165323
 604495 4165323
 604505 4165323
 604515 4165323
 604525 4165323
 604535 4165323
 604545 4165323
 604555 4165323
 604565 4165323
 604575 4165323
 604585 4165323
 603995 4165313
 604005 4165313
 604015 4165313
 604025 4165313
 604035 4165313
 604045 4165313
 604055 4165313
 604065 4165313
 604075 4165313
 604085 4165313
 604095 4165313
 604105 4165313
 604115 4165313
 604125 4165313
 604135 4165313
 604145 4165313
 604155 4165313
 604165 4165313
 604175 4165313
 604185 4165313
 604195 4165313
 604205 4165313
 604215 4165313
 604225 4165313
 604235 4165313
 604245 4165313
 604255 4165313
 604265 4165313
 604275 4165313
 604285 4165313
 604295 4165313
 604305 4165313
 604315 4165313
 604325 4165313
 604335 4165313
 604345 4165313
 604355 4165313
 604365 4165313
 604375 4165313
 604385 4165313
 604395 4165313
 604405 4165313
 604415 4165313
 604425 4165313
 604435 4165313
 604445 4165313
 604455 4165313
 604465 4165313
 604475 4165313
 604485 4165313
 604495 4165313
 604505 4165313
 604515 4165313
 604525 4165313
 604535 4165313
 604545 4165313
 604555 4165313
 604565 4165313
 604575 4165313
 604585 4165313
 603995 4165303
 604005 4165303
 604015 4165303
 604025 4165303
 604035 4165303
 604045 4165303
 604055 4165303
 604065 4165303
 604075 4165303
 604085 4165303
 604095 4165303
 604105 4165303
 604115 4165303
 604125 4165303
 604135 4165303
 604145 4165303
 604155 4165303
 604165 4165303
 604175 4165303
 604185 4165303
 604195 4165303
 604205 4165303
 604215 4165303
 604225 4165303
 604235 4165303
 604245 4165303
 604255 4165303
 604265 4165303
 604275 4165303
 604285 4165303
 604295 4165303
 604305 4165303
 604315 4165303
 604325 4165303
 604335 4165303
 604345 4165303
 604355 4165303
 604365 4165303
 604375 4165303
 604385 4165303
 604395 4165303
 604405 4165303
 604415 4165303
 604425 4165303
 604435 4165303
 604445 4165303
 604455 4165303
 604465 4165303
 604475 4165303
 604485 4165303
 604495 4165303
 604505 4165303
 604515 4165303
 604525 4165303
 604535 4165303
 604545 4165303
 604555 4165303
 604565 4165303
 604575 4165303
 604585 4165303
 603995 4165293
 604005 4165293
 604015 4165293
 604025 4165293
 604035 4165293
 604045 4165293
 604055 4165293
 604065 4165293
 604075 4165293
 604085 4165293
 604095 4165293
 604105 4165293
 604115 4165293
 604125 4165293
 604135 4165293
 604145 4165293
 604155 4165293
 604165 4165293
 604175 4165293
 604185 4165293
 604195 4165293
 604205 4165293
 604215 4165293
 604225 4165293
 604235 4165293
 604245 4165293
 604255 4165293
 604265 4165293
 604275 4165293
 604285 4165293
 604295 4165293
 604305 4165293
 604315 4165293
 604325 4165293
 604335 4165293
 604345 4165293
 604355 4165293
 604365 4165293
 604375 4165293
 604385 4165293
 604395 4165293
 604405 4165293
 604415 4165293
 604425 4165293
 604435 4165293
 604445 4165293
 604455 4165293
 604465 4165293
 604475 4165293
 604485 4165293
 604495 4165293
 604505 4165293
 604515 4165293
 604525 4165293
 604535 4165293
 604545 4165293
 604555 4165293
 604565 4165293
 604575 4165293
 604585 4165293
 603995 4165283
 604005 4165283
 604015 4165283
 604025 4165283
 604035 4165283
 604045 4165283
 604055 4165283
 604065 4165283
 604075 4165283
 604085 4165283
 604095 4165283
 604105 4165283
 604115 4165283
 604125 4165283
 604135 4165283
 604145 4165283
 604155 4165283
 604165 4165283
 604175 4165283
 604185 4165283
 604195 4165283
 604205 4165283
 604215 4165283
 604225 4165283
 604235 4165283
 604245 4165283
 604255 4165283
 604265 4165283
 604275 4165283
 604285 4165283
 604295 4165283
 604305 4165283
 604315 4165283
 604325 4165283
 604335 4165283
 604345 4165283
 604355 4165283
 604365 4165283
 604375 4165283
 604385 4165283
 604395 4165283
 604405 4165283
 604415 4165283
 604425 4165283
 604435 4165283
 604445 4165283
 604455 4165283
 604465 4165283
 604475 4165283
 604485 4165283
 604495 4165283
 604505 4165283
 604515 4165283
 604525 4165283
 604535 4165283
 604545 4165283
 604555 4165283
 604565 4165283
 604575 4165283
 604585 4165283
 603995 4165273
 604005 4165273
 604015 4165273
 604025 4165273
 604035 4165273
 604045 4165273
 604055 4165273
 604065 4165273
 604075 4165273
 604085 4165273
 604095 4165273
 604105 4165273
 604115 4165273
 604125 4165273
 604135 4165273
 604145 4165273
 604155 4165273
 604165 4165273
 604175 4165273
 604185 4165273
 604195 4165273
 604205 4165273
 604215 4165273
 604225 4165273
 604235 4165273
 604245 4165273
 604255 4165273
 604265 4165273
 604275 4165273
 604285 4165273
 604295 4165273
 604305 4165273
 604315 4165273
 604325 4165273
 604335 4165273
 604345 4165273
 604355 4165273
 604365 4165273
 604375 4165273
 604385 4165273
 604395 4165273
 604405 4165273
 604415 4165273
 604425 4165273
 604435 4165273
 604445 4165273
 604455 4165273
 604465 4165273
 604475 4165273
 604485 4165273
 604495 4165273
 604505 4165273
 604515 4165273
 604525 4165273
 604535 4165273
 604545 4165273
 604555 4165273
 604565 4165273
 604575 4165273
 604585 4165273
 603995 4165263
 604005 4165263
 604015 4165263
 604025 4165263
 604035 4165263
 604045 4165263
 604055 4165263
 604065 4165263
 604075 4165263
 604085 4165263
 604095 4165263
 604105 4165263
 604115 4165263
 604125 4165263
 604135 4165263
 604145 4165263
 604155 4165263
 604165 4165263
 604175 4165263
 604185 4165263
 604195 4165263
 604205 4165263
 604215 4165263
 604225 4165263
 604235 4165263
 604245 4165263
 604255 4165263
 604265 4165263
 604275 4165263
 604285 4165263
 604295 4165263
 604305 4165263
 604315 4165263
 604325 4165263
 604335 4165263
 604345 4165263
 604355 4165263
 604365 4165263
 604375 4165263
 604385 4165263
 604395 4165263
 604405 4165263
 604415 4165263
 604425 4165263
 604435 4165263
 604445 4165263
 604455 4165263
 604465 4165263
 604475 4165263
 604485 4165263
 604495 4165263
 604505 4165263
 604515 4165263
 604525 4165263
 604535 4165263
 604545 4165263
 604555 4165263
 604565 4165263
 604575 4165263
 604585 4165263
 603995 4165253
 604005 4165253
 604015 4165253
 604025 4165253
 604035 4165253
 604045 4165253
 604055 4165253
 604065 4165253
 604075 4165253
 604085 4165253
 604095 4165253
 604105 4165253
 604115 4165253
 604125 4165253
 604135 4165253
 604145 4165253
 604155 4165253
 604165 4165253
 604175 4165253
 604185 4165253
 604195 4165253
 604205 4165253
 604215 4165253
 604225 4165253
 604235 4165253
 604245 4165253
 604255 4165253
 604265 4165253
 604275 4165253
 604285 4165253
 604295 4165253
 604305 4165253
 604315 4165253
 604325 4165253
 604335 4165253
 604345 4165253
 604355 4165253
 604365 4165253
 604375 4165253
 604385 4165253
 604395 4165253
 604405 4165253
 604415 4165253
 604425 4165253
 604435 4165253
 604445 4165253
 604455 4165253
 604465 4165253
 604475 4165253
 604485 4165253
 604495 4165253
 604505 4165253
 604515 4165253
 604525 4165253
 604535 4165253
 604545 4165253
 604555 4165253
 604565 4165253
 604575 4165253
 604585 4165253
 603995 4165243
 604005 4165243
 604015 4165243
 604025 4165243
 604035 4165243
 604045 4165243
 604055 4165243
 604065 4165243
 604075 4165243
 604085 4165243
 604095 4165243
 604105 4165243
 604115 4165243
 604125 4165243
 604135 4165243
 604145 4165243
 604155 4165243
 604165 4165243
 604175 4165243
 604185 4165243
 604195 4165243
 604205 4165243
 604215 4165243
 604225 4165243
 604235 4165243
 604245 4165243
 604255 4165243
 604265 4165243
 604275 4165243
 604285 4165243
 604295 4165243
 604305 4165243
 604315 4165243
 604325 4165243
 604335 4165243
 604345 4165243
 604355 4165243
 604365 4165243
 604375 4165243
 604385 4165243
 604395 4165243
 604405 4165243
 604415 4165243
 604425 4165243
 604435 4165243
 604445 4165243
 604455 4165243
 604465 4165243
 604475 4165243
 604485 4165243
 604495 4165243
 604505 4165243
 604515 4165243
 604525 4165243
 604535 4165243
 604545 4165243
 604555 4165243
 604565 4165243
 604575 4165243
 604585 4165243
 603995 4165233
 604005 4165233
 604015 4165233
 604025 4165233
 604035 4165233
 604045 4165233
 604055 4165233
 604065 4165233
 604075 4165233
 604085 4165233
 604095 4165233
 604105 4165233
 604115 4165233
 604125 4165233
 604135 4165233
 604145 4165233
 604155 4165233
 604165 4165233
 604175 4165233
 604185 4165233
 604195 4165233
 604205 4165233
 604215 4165233
 604225 4165233
 604235 4165233
 604245 4165233
 604255 4165233
 604265 4165233
 604275 4165233
 604285 4165233
 604295 4165233
 604305 4165233
 604315 4165233
 604325 4165233
 604335 4165233
 604345 4165233
 604355 4165233
 604365 4165233
 604375 4165233
 604385 4165233
 604395 4165233
 604405 4165233
 604415 4165233
 604425 4165233
 604435 4165233
 604445 4165233
 604455 4165233
 604465 4165233
 604475 4165233
 604485 4165233
 604495 4165233
 604505 4165233
 604515 4165233
 604525 4165233
 604535 4165233
 604545 4165233
 604555 4165233
 604565 4165233
 604575 4165233
 604585 4165233
 603995 4165223
 604005 4165223
 604015 4165223
 604025 4165223
 604035 4165223
 604045 4165223
 604055 4165223
 604065 4165223
 604075 4165223
 604085 4165223
 604095 4165223
 604105 4165223
 604115 4165223
 604125 4165223
 604135 4165223
 604145 4165223
 604155 4165223
 604165 4165223
 604175 4165223
 604185 4165223
 604195 4165223
 604205 4165223
 604215 4165223
 604225 4165223
 604235 4165223
 604245 4165223
 604255 4165223
 604265 4165223
 604275 4165223
 604285 4165223
 604295 4165223
 604305 4165223
 604315 4165223
 604325 4165223
 604335 4165223
 604345 4165223
 604355 4165223
 604365 4165223
 604375 4165223
 604385 4165223
 604395 4165223
 604405 4165223
 604415 4165223
 604425 4165223
 604435 4165223
 604445 4165223
 604455 4165223
 604465 4165223
 604475 4165223
 604485 4165223
 604495 4165223
 604505 4165223
 604515 4165223
 604525 4165223
 604535 4165223
 604545 4165223
 604555 4165223
 604565 4165223
 604575 4165223
 604585 4165223
 603995 4165213
 604005 4165213
 604015 4165213
 604025 4165213
 604035 4165213
 604045 4165213
 604055 4165213
 604065 4165213
 604075 4165213
 604085 4165213
 604095 4165213
 604105 4165213
 604115 4165213
 604125 4165213
 604135 4165213
 604145 4165213
 604155 4165213
 604165 4165213
 604175 4165213
 604185 4165213
 604195 4165213
 604205 4165213
 604215 4165213
 604225 4165213
 604235 4165213
 604245 4165213
 604255 4165213
 604265 4165213
 604275 4165213
 604285 4165213
 604295 4165213
 604305 4165213
 604315 4165213
 604325 4165213
 604335 4165213
 604345 4165213
 604355 4165213
 604365 4165213
 604375 4165213
 604385 4165213
 604395 4165213
 604405 4165213
 604415 4165213
 604425 4165213
 604435 4165213
 604445 4165213
 604455 4165213
 604465 4165213
 604475 4165213
 604485 4165213
 604495 4165213
 604505 4165213
 604515 4165213
 604525 4165213
 604535 4165213
 604545 4165213
 604555 4165213
 604565 4165213
 604575 4165213
 604585 4165213
 603995 4165203
 604005 4165203
 604015 4165203
 604025 4165203
 604035 4165203
 604045 4165203
 604055 4165203
 604065 4165203
 604075 4165203
 604085 4165203
 604095 4165203
 604105 4165203
 604115 4165203
 604125 4165203
 604135 4165203
 604145 4165203
 604155 4165203
 604165 4165203
 604175 4165203
 604185 4165203
 604195 4165203
 604205 4165203
 604215 4165203
 604225 4165203
 604235 4165203
 604245 4165203
 604255 4165203
 604265 4165203
 604275 4165203
 604285 4165203
 604295 4165203
 604305 4165203
 604315 4165203
 604325 4165203
 604335 4165203
 604345 4165203
 604355 4165203
 604365 4165203
 604375 4165203
 604385 4165203
 604395 4165203
 604405 4165203
 604415 4165203
 604425 4165203
 604435 4165203
 604445 4165203
 604455 4165203
 604465 4165203
 604475 4165203
 604485 4165203
 604495 4165203
 604505 4165203
 604515 4165203
 604525 4165203
 604535 4165203
 604545 4165203
 604555 4165203
 604565 4165203
 604575 4165203
 604585 4165203
 603995 4165193
 604005 4165193
 604015 4165193
 604025 4165193
 604035 4165193
 604045 4165193
 604055 4165193
 604065 4165193
 604075 4165193
 604085 4165193
 604095 4165193
 604105 4165193
 604115 4165193
 604125 4165193
 604135 4165193
 604145 4165193
 604155 4165193
 604165 4165193
 604175 4165193
 604185 4165193
 604195 4165193
 604205 4165193
 604215 4165193
 604225 4165193
 604235 4165193
 604245 4165193
 604255 4165193
 604265 4165193
 604275 4165193
 604285 4165193
 604295 4165193
 604305 4165193
 604315 4165193
 604325 4165193
 604335 4165193
 604345 4165193
 604355 4165193
 604365 4165193
 604375 4165193
 604385 4165193
 604395 4165193
 604405 4165193
 604415 4165193
 604425 4165193
 604435 4165193
 604445 4165193
 604455 4165193
 604465 4165193
 604475 4165193
 604485 4165193
 604495 4165193
 604505 4165193
 604515 4165193
 604525 4165193
 604535 4165193
 604545 4165193
 604555 4165193
 604565 4165193
 604575 4165193
 604585 4165193
 603995 4165183
 604005 4165183
 604015 4165183
 604025 4165183
 604035 4165183
 604045 4165183
 604055 4165183
 604065 4165183
 604075 4165183
 604085 4165183
 604095 4165183
 604105 4165183
 604115 4165183
 604125 4165183
 604135 4165183
 604145 4165183
 604155 4165183
 604165 4165183
 604175 4165183
 604185 4165183
 604195 4165183
 604205 4165183
 604215 4165183
 604225 4165183
 604235 4165183
 604245 4165183
 604255 4165183
 604265 4165183
 604275 4165183
 604285 4165183
 604295 4165183
 604305 4165183
 604315 4165183
 604325 4165183
 604335 4165183
 604345 4165183
 604355 4165183
 604365 4165183
 604375 4165183
 604385 4165183
 604395 4165183
 604405 4165183
 604415 4165183
 604425 4165183
 604435 4165183
 604445 4165183
 604455 4165183
 604465 4165183
 604475 4165183
 604485 4165183
 604495 4165183
 604505 4165183
 604515 4165183
 604525 4165183
 604535 4165183
 604545 4165183
 604555 4165183
 604565 4165183
 604575 4165183
 604585 4165183
 603995 4165173
 604005 4165173
 604015 4165173
 604025 4165173
 604035 4165173
 604045 4165173
 604055 4165173
 604065 4165173
 604075 4165173
 604085 4165173
 604095 4165173
 604105 4165173
 604115 4165173
 604125 4165173
 604135 4165173
 604145 4165173
 604155 4165173
 604165 4165173
 604175 4165173
 604185 4165173
 604195 4165173
 604205 4165173
 604215 4165173
 604225 4165173
 604235 4165173
 604245 4165173
 604255 4165173
 604265 4165173
 604275 4165173
 604285 4165173
 604295 4165173
 604305 4165173
 604315 4165173
 604325 4165173
 604335 4165173
 604345 4165173
 604355 4165173
 604365 4165173
 604375 4165173
 604385 4165173
 604395 4165173
 604405 4165173
 604415 4165173
 604425 4165173
 604435 4165173
 604445 4165173
 604455 4165173
 604465 4165173
 604475 4165173
 604485 4165173
 604495 4165173
 604505 4165173
 604515 4165173
 604525 4165173
 604535 4165173
 604545 4165173
 604555 4165173
 604565 4165173
 604575 4165173
 604585 4165173
 603995 4165163
 604005 4165163
 604015 4165163
 604025 4165163
 604035 4165163
 604045 4165163
 604055 4165163
 604065 4165163
 604075 4165163
 604085 4165163
 604095 4165163
 604105 4165163
 604115 4165163
 604125 4165163
 604135 4165163
 604145 4165163
 604155 4165163
 604165 4165163
 604175 4165163
 604185 4165163
 604195 4165163
 604205 4165163
 604215 4165163
 604225 4165163
 604235 4165163
 604245 4165163
 604255 4165163
 604265 4165163
 604275 4165163
 604285 4165163
 604295 4165163
 604305 4165163
 604315 4165163
 604325 4165163
 604335 4165163
 604345 4165163
 604355 4165163
 604365 4165163
 604375 4165163
 604385 4165163
 604395 4165163
 604405 4165163
 604415 4165163
 604425 4165163
 604435 4165163
 604445 4165163
 604455 4165163
 604465 4165163
 604475 4165163
 604485 4165163
 604495 4165163
 604505 4165163
 604515 4165163
 604525 4165163
 604535 4165163
 604545 4165163
 604555 4165163
 604565 4165163
 604575 4165163
 604585 4165163
 603995 4165153
 604005 4165153
 604015 4165153
 604025 4165153
 604035 4165153
 604045 4165153
 604055 4165153
 604065 4165153
 604075 4165153
 604085 4165153
 604095 4165153
 604105 4165153
 604115 4165153
 604125 4165153
 604135 4165153
 604145 4165153
 604155 4165153
 604165 4165153
 604175 4165153
 604185 4165153
 604195 4165153
 604205 4165153
 604215 4165153
 604225 4165153
 604235 4165153
 604245 4165153
 604255 4165153
 604265 4165153
 604275 4165153
 604285 4165153
 604295 4165153
 604305 4165153
 604315 4165153
 604325 4165153
 604335 4165153
 604345 4165153
 604355 4165153
 604365 4165153
 604375 4165153
 604385 4165153
 604395 4165153
 604405 4165153
 604415 4165153
 604425 4165153
 604435 4165153
 604445 4165153
 604455 4165153
 604465 4165153
 604475 4165153
 604485 4165153
 604495 4165153
 604505 4165153
 604515 4165153
 604525 4165153
 604535 4165153
 604545 4165153
 604555 4165153
 604565 4165153
 604575 4165153
 604585 4165153
 603995 4165143
 604005 4165143
 604015 4165143
 604025 4165143
 604035 4165143
 604045 4165143
 604055 4165143
 604065 4165143
 604075 4165143
 604085 4165143
 604095 4165143
 604105 4165143
 604115 4165143
 604125 4165143
 604135 4165143
 604145 4165143
 604155 4165143
 604165 4165143
 604175 4165143
 604185 4165143
 604195 4165143
 604205 4165143
 604215 4165143
 604225 4165143
 604235 4165143
 604245 4165143
 604255 4165143
 604265 4165143
 604275 4165143
 604285 4165143
 604295 4165143
 604305 4165143
 604315 4165143
 604325 4165143
 604335 4165143
 604345 4165143
 604355 4165143
 604365 4165143
 604375 4165143
 604385 4165143
 604395 4165143
 604405 4165143
 604415 4165143
 604425 4165143
 604435 4165143
 604445 4165143
 604455 4165143
 604465 4165143
 604475 4165143
 604485 4165143
 604495 4165143
 604505 4165143
 604515 4165143
 604525 4165143
 604535 4165143
 604545 4165143
 604555 4165143
 604565 4165143
 604575 4165143
 604585 4165143
 603995 4165133
 604005 4165133
 604015 4165133
 604025 4165133
 604035 4165133
 604045 4165133
 604055 4165133
 604065 4165133
 604075 4165133
 604085 4165133
 604095 4165133
 604105 4165133
 604115 4165133
 604125 4165133
 604135 4165133
 604145 4165133
 604155 4165133
 604165 4165133
 604175 4165133
 604185 4165133
 604195 4165133
 604205 4165133
 604215 4165133
 604225 4165133
 604235 4165133
 604245 4165133
 604255 4165133
 604265 4165133
 604275 4165133
 604285 4165133
 604295 4165133
 604305 4165133
 604315 4165133
 604325 4165133
 604335 4165133
 604345 4165133
 604355 4165133
 604365 4165133
 604375 4165133
 604385 4165133
 604395 4165133
 604405 4165133
 604415 4165133
 604425 4165133
 604435 4165133
 604445 4165133
 604455 4165133
 604465 4165133
 604475 4165133
 604485 4165133
 604495 4165133
 604505 4165133
 604515 4165133
 604525 4165133
 604535 4165133
 604545 4165133
 604555 4165133
 604565 4165133
 604575 4165133
 604585 4165133
 603995 4165123
 604005 4165123
 604015 4165123
 604025 4165123
 604035 4165123
 604045 4165123
 604055 4165123
 604065 4165123
 604075 4165123
 604085 4165123
 604095 4165123
 604105 4165123
 604115 4165123
 604125 4165123
 604135 4165123
 604145 4165123
 604155 4165123
 604165 4165123
 604175 4165123
 604185 4165123
 604195 4165123
 604205 4165123
 604215 4165123
 604225 4165123
 604235 4165123
 604245 4165123
 604255 4165123
 604265 4165123
 604275 4165123
 604285 4165123
 604295 4165123
 604305 4165123
 604315 4165123
 604325 4165123
 604335 4165123
 604345 4165123
 604355 4165123
 604365 4165123
 604375 4165123
 604385 4165123
 604395 4165123
 604405 4165123
 604415 4165123
 604425 4165123
 604435 4165123
 604445 4165123
 604455 4165123
 604465 4165123
 604475 4165123
 604485 4165123
 604495 4165123
 604505 4165123
 604515 4165123
 604525 4165123
 604535 4165123
 604545 4165123
 604555 4165123
 604565 4165123
 604575 4165123
 604585 4165123
 603995 4165113
 604005 4165113
 604015 4165113
 604025 4165113
 604035 4165113
 604045 4165113
 604055 4165113
 604065 4165113
 604075 4165113
 604085 4165113
 604095 4165113
 604105 4165113
 604115 4165113
 604125 4165113
 604135 4165113
 604145 4165113
 604155 4165113
 604165 4165113
 604175 4165113
 604185 4165113
 604195 4165113
 604205 4165113
 604215 4165113
 604225 4165113
 604235 4165113
 604245 4165113
 604255 4165113
 604265 4165113
 604275 4165113
 604285 4165113
 604295 4165113
 604305 4165113
 604315 4165113
 604325 4165113
 604335 4165113
 604345 4165113
 604355 4165113
 604365 4165113
 604375 4165113
 604385 4165113
 604395 4165113
 604405 4165113
 604415 4165113
 604425 4165113
 604435 4165113
 604445 4165113
 604455 4165113
 604465 4165113
 604475 4165113
 604485 4165113
 604495 4165113
 604505 4165113
 604515 4165113
 604525 4165113
 604535 4165113
 604545 4165113
 604555 4165113
 604565 4165113
 604575 4165113
 604585 4165113
 603995 4165103
 604005 4165103
 604015 4165103
 604025 4165103
 604035 4165103
 604045 4165103
 604055 4165103
 604065 4165103
 604075 4165103
 604085 4165103
 604095 4165103
 604105 4165103
 604115 4165103
 604125 4165103
 604135 4165103
 604145 4165103
 604155 4165103
 604165 4165103
 604175 4165103
 604185 4165103
 604195 4165103
 604205 4165103
 604215 4165103
 604225 4165103
 604235 4165103
 604245 4165103
 604255 4165103
 604265 4165103
 604275 4165103
 604285 4165103
 604295 4165103
 604305 4165103
 604315 4165103
 604325 4165103
 604335 4165103
 604345 4165103
 604355 4165103
 604365 4165103
 604375 4165103
 604385 4165103
 604395 4165103
 604405 4165103
 604415 4165103
 604425 4165103
 604435 4165103
 604445 4165103
 604455 4165103
 604465 4165103
 604475 4165103
 604485 4165103
 604495 4165103
 604505 4165103
 604515 4165103
 604525 4165103
 604535 4165103
 604545 4165103
 604555 4165103
 604565 4165103
 604575 4165103
 604585 4165103
 603995 4165093
 604005 4165093
 604015 4165093
 604025 4165093
 604035 4165093
 604045 4165093
 604055 4165093
 604065 4165093
 604075 4165093
 604085 4165093
 604095 4165093
 604105 4165093
 604115 4165093
 604125 4165093
 604135 4165093
 604145 4165093
 604155 4165093
 604165 4165093
 604175 4165093
 604185 4165093
 604195 4165093
 604205 4165093
 604215 4165093
 604225 4165093
 604235 4165093
 604245 4165093
 604255 4165093
 604265 4165093
 604275 4165093
 604285 4165093
 604295 4165093
 604305 4165093
 604315 4165093
 604325 4165093
 604335 4165093
 604345 4165093
 604355 4165093
 604365 4165093
 604375 4165093
 604385 4165093
 604395 4165093
 604405 4165093
 604415 4165093
 604425 4165093
 604435 4165093
 604445 4165093
 604455 4165093
 604465 4165093
 604475 4165093
 604485 4165093
 604495 4165093
 604505 4165093
 604515 4165093
 604525 4165093
 604535 4165093
 604545 4165093
 604555 4165093
 604565 4165093
 604575 4165093
 604585 4165093
 603995 4165083
 604005 4165083
 604015 4165083
 604025 4165083
 604035 4165083
 604045 4165083
 604055 4165083
 604065 4165083
 604075 4165083
 604085 4165083
 604095 4165083
 604105 4165083
 604115 4165083
 604125 4165083
 604135 4165083
 604145 4165083
 604155 4165083
 604165 4165083
 604175 4165083
 604185 4165083
 604195 4165083
 604205 4165083
 604215 4165083
 604225 4165083
 604235 4165083
 604245 4165083
 604255 4165083
 604265 4165083
 604275 4165083
 604285 4165083
 604295 4165083
 604305 4165083
 604315 4165083
 604325 4165083
 604335 4165083
 604345 4165083
 604355 4165083
 604365 4165083
 604375 4165083
 604385 4165083
 604395 4165083
 604405 4165083
 604415 4165083
 604425 4165083
 604435 4165083
 604445 4165083
 604455 4165083
 604465 4165083
 604475 4165083
 604485 4165083
 604495 4165083
 604505 4165083
 604515 4165083
 604525 4165083
 604535 4165083
 604545 4165083
 604555 4165083
 604565 4165083
 604575 4165083
 604585 4165083
 603995 4165073
 604005 4165073
 604015 4165073
 604025 4165073
 604035 4165073
 604045 4165073
 604055 4165073
 604065 4165073
 604075 4165073
 604085 4165073
 604095 4165073
 604105 4165073
 604115 4165073
 604125 4165073
 604135 4165073
 604145 4165073
 604155 4165073
 604165 4165073
 604175 4165073
 604185 4165073
 604195 4165073
 604205 4165073
 604215 4165073
 604225 4165073
 604235 4165073
 604245 4165073
 604255 4165073
 604265 4165073
 604275 4165073
 604285 4165073
 604295 4165073
 604305 4165073
 604315 4165073
 604325 4165073
 604335 4165073
 604345 4165073
 604355 4165073
 604365 4165073
 604375 4165073
 604385 4165073
 604395 4165073
 604405 4165073
 604415 4165073
 604425 4165073
 604435 4165073
 604445 4165073
 604455 4165073
 604465 4165073
 604475 4165073
 604485 4165073
 604495 4165073
 604505 4165073
 604515 4165073
 604525 4165073
 604535 4165073
 604545 4165073
 604555 4165073
 604565 4165073
 604575 4165073
 604585 4165073
 603995 4165063
 604005 4165063
 604015 4165063
 604025 4165063
 604035 4165063
 604045 4165063
 604055 4165063
 604065 4165063
 604075 4165063
 604085 4165063
 604095 4165063
 604105 4165063
 604115 4165063
 604125 4165063
 604135 4165063
 604145 4165063
 604155 4165063
 604165 4165063
 604175 4165063
 604185 4165063
 604195 4165063
 604205 4165063
 604215 4165063
 604225 4165063
 604235 4165063
 604245 4165063
 604255 4165063
 604265 4165063
 604275 4165063
 604285 4165063
 604295 4165063
 604305 4165063
 604315 4165063
 604325 4165063
 604335 4165063
 604345 4165063
 604355 4165063
 604365 4165063
 604375 4165063
 604385 4165063
 604395 4165063
 604405 4165063
 604415 4165063
 604425 4165063
 604435 4165063
 604445 4165063
 604455 4165063
 604465 4165063
 604475 4165063
 604485 4165063
 604495 4165063
 604505 4165063
 604515 4165063
 604525 4165063
 604535 4165063
 604545 4165063
 604555 4165063
 604565 4165063
 604575 4165063
 604585 4165063
 603995 4165053
 604005 4165053
 604015 4165053
 604025 4165053
 604035 4165053
 604045 4165053
 604055 4165053
 604065 4165053
 604075 4165053
 604085 4165053
 604095 4165053
 604105 4165053
 604115 4165053
 604125 4165053
 604135 4165053
 604145 4165053
 604155 4165053
 604165 4165053
 604175 4165053
 604185 4165053
 604195 4165053
 604205 4165053
 604215 4165053
 604225 4165053
 604235 4165053
 604245 4165053
 604255 4165053
 604265 4165053
 604275 4165053
 604285 4165053
 604295 4165053
 604305 4165053
 604315 4165053
 604325 4165053
 604335 4165053
 604345 4165053
 604355 4165053
 604365 4165053
 604375 4165053
 604385 4165053
 604395 4165053
 604405 4165053
 604415 4165053
 604425 4165053
 604435 4165053
 604445 4165053
 604455 4165053
 604465 4165053
 604475 4165053
 604485 4165053
 604495 4165053
 604505 4165053
 604515 4165053
 604525 4165053
 604535 4165053
 604545 4165053
 604555 4165053
 604565 4165053
 604575 4165053
 604585 4165053
 603995 4165043
 604005 4165043
 604015 4165043
 604025 4165043
 604035 4165043
 604045 4165043
 604055 4165043
 604065 4165043
 604075 4165043
 604085 4165043
 604095 4165043
 604105 4165043
 604115 4165043
 604125 4165043
 604135 4165043
 604145 4165043
 604155 4165043
 604165 4165043
 604175 4165043
 604185 4165043
 604195 4165043
 604205 4165043
 604215 4165043
 604225 4165043
 604235 4165043
 604245 4165043
 604255 4165043
 604265 4165043
 604275 4165043
 604285 4165043
 604295 4165043
 604305 4165043
 604315 4165043
 604325 4165043
 604335 4165043
 604345 4165043
 604355 4165043
 604365 4165043
 604375 4165043
 604385 4165043
 604395 4165043
 604405 4165043
 604415 4165043
 604425 4165043
 604435 4165043
 604445 4165043
 604455 4165043
 604465 4165043
 604475 4165043
 604485 4165043
 604495 4165043
 604505 4165043
 604515 4165043
 604525 4165043
 604535 4165043
 604545 4165043
 604555 4165043
 604565 4165043
 604575 4165043
 604585 4165043
 603995 4165033
 604005 4165033
 604015 4165033
 604025 4165033
 604035 4165033
 604045 4165033
 604055 4165033
 604065 4165033
 604075 4165033
 604085 4165033
 604095 4165033
 604105 4165033
 604115 4165033
 604125 4165033
 604135 4165033
 604145 4165033
 604155 4165033
 604165 4165033
 604175 4165033
 604185 4165033
 604195 4165033
 604205 4165033
 604215 4165033
 604225 4165033
 604235 4165033
 604245 4165033
 604255 4165033
 604265 4165033
 604275 4165033
 604285 4165033
 604295 4165033
 604305 4165033
 604315 4165033
 604325 4165033
 604335 4165033
 604345 4165033
 604355 4165033
 604365 4165033
 604375 4165033
 604385 4165033
 604395 4165033
 604405 4165033
 604415 4165033
 604425 4165033
 604435 4165033
 604445 4165033
 604455 4165033
 604465 4165033
 604475 4165033
 604485 4165033
 604495 4165033
 604505 4165033
 604515 4165033
 604525 4165033
 604535 4165033
 604545 4165033
 604555 4165033
 604565 4165033
 604575 4165033
 604585 4165033
 603995 4165023
 604005 4165023
 604015 4165023
 604025 4165023
 604035 4165023
 604045 4165023
 604055 4165023
 604065 4165023
 604075 4165023
 604085 4165023
 604095 4165023
 604105 4165023
 604115 4165023
 604125 4165023
 604135 4165023
 604145 4165023
 604155 4165023
 604165 4165023
 604175 4165023
 604185 4165023
 604195 4165023
 604205 4165023
 604215 4165023
 604225 4165023
 604235 4165023
 604245 4165023
 604255 4165023
 604265 4165023
 604275 4165023
 604285 4165023
 604295 4165023
 604305 4165023
 604315 4165023
 604325 4165023
 604335 4165023
 604345 4165023
 604355 4165023
 604365 4165023
 604375 4165023
 604385 4165023
 604395 4165023
 604405 4165023
 604415 4165023
 604425 4165023
 604435 4165023
 604445 4165023
 604455 4165023
 604465 4165023
 604475 4165023
 604485 4165023
 604495 4165023
 604505 4165023
 604515 4165023
 604525 4165023
 604535 4165023
 604545 4165023
 604555 4165023
 604565 4165023
 604575 4165023
 604585 4165023
